"nobs" "NAs" "Minimum" "Maximum" "1. Quartile" "3. Quartile" "Mean" "Median" "Sum" "SE Mean" "LCL Mean" "UCL Mean" "Variance" "Stdev" "Skewness" "Kurtosis" "Box-test p-value"
"ar1miss" 99 0 -2.6 3.98 -0.85 0.69 -0.02 -0.04 -2.32 0.11 -0.24 0.19 1.14 1.07 0.35 0.81 0.63
"arf" 999 0 -3.47 3.42 -0.71 0.69 0 -0.01 -0.89 0.03 -0.06 0.06 1.03 1.01 0.03 -0.02 0
"birth" 372 0 -41 41 -12 11.25 -0.05 -1 -18 0.88 -1.78 1.68 288.04 16.97 0.14 -0.66 0
"bnrf1ebv" 3953 0 -3 3 -1 1 0 0 2 0.02 -0.04 0.04 1.95 1.4 0.16 -0.58 0
"bnrf1hvs" 3740 0 -3 3 -1 1 0 0 0 0.03 -0.05 0.05 2.75 1.66 0.04 -0.71 0
"cardox" 780 0 -2.55 2.54 -0.98 1.15 0.14 0.55 105.3 0.04 0.05 0.22 1.52 1.23 -0.58 -1.01 0
"chicken" 179 0 -2.16 3.04 -0.36 0.86 0.26 0.27 45.88 0.07 0.11 0.4 1.01 1 0.01 -0.08 0
"cmort" 507 0 -24.33 23.11 -4.3 4.42 -0.02 -0.32 -12.36 0.3 -0.61 0.56 45.58 6.75 0.05 0.46 0
"cpg" 28 0 -89000 82000 -5000 -0.58 -7607.14 -62.55 -212999.93 5575.86 -19047.86 3833.57 870525341.22 29504.67 -0.44 3.85 0.74
"ENSO" 861 0 -3.59 3.31 -0.52 0.55 0 0.01 0 0.03 -0.06 0.06 0.7 0.84 -0.09 0.61 0
"EQ5" 2047 0 -0.17 0.15 -0.03 0.03 0 0 0.06 0 0 0 0 0.04 0.03 0.47 0
"EQcount" 106 0 -24 19 -4 4 -0.02 0.5 -2 0.64 -1.29 1.25 43.73 6.61 -0.17 1.33 0
"EXP6" 2047 0 -0.35 0.33 -0.02 0.02 0 0 0.03 0 0 0 0 0.06 -0.13 6.42 0
"gas" 544 0 -54.41 84.15 -3.61 4.73 0.22 0.78 121.48 0.37 -0.51 0.95 75.11 8.67 0.86 18.39 0.08
"gdp" 286 0 -339 244.6 19.06 97.65 58.18 59.33 16638.44 4.05 50.2 66.16 4700.87 68.56 -0.67 3.8 0
"GDP" 304 0 -1901.3 1725.7 12.57 124.53 86.26 58.68 26222.7 10.72 65.15 107.36 34965.61 186.99 -1.2 60.25 0.2
"gnp" 222 0 -106.3 168.8 10.97 61.92 35.99 34.15 7989 2.84 30.39 41.59 1791.66 42.33 0.05 0.7 0
"GNP" 303 0 -1988.07 1756.49 13.03 125.36 85.96 60.35 26045.35 11 64.3 107.61 36688.58 191.54 -1.52 63.17 0.48
"gtemp_both" 173 0 -0.44 0.42 -0.12 0.13 0.01 0.01 1.48 0.01 -0.02 0.04 0.03 0.19 -0.12 -0.45 0
"gtemp_land" 173 0 -1.39 0.98 -0.29 0.31 0.02 0.06 2.76 0.03 -0.05 0.08 0.19 0.43 -0.36 0.11 0
"gtemp_ocean" 173 0 -0.36 0.36 -0.09 0.11 0.01 0 0.9 0.01 -0.02 0.03 0.02 0.14 0.02 -0.19 0
"Hare" 90 0 -65.9 150.47 -15.6 10.65 -0.04 0.01 -3.82 3.16 -6.32 6.23 897.44 29.96 1.48 6.23 0.09
"HCT" 90 0 -35 35 -2 1.88 -0.33 0 -30 2.03 -4.37 3.71 372.34 19.3 0 -0.43 0
"hor" 135 0 -19 17.5 -6.25 6.4 -0.01 -0.4 -1 0.63 -1.24 1.23 52.76 7.26 0.05 -0.99 0
"jj" 83 0 -4.86 6.21 -0.23 0.42 0.13 0.14 10.9 0.16 -0.18 0.44 2.03 1.42 0.54 6.79 0
"lead" 149 0 -0.76 0.79 -0.19 0.25 0.02 0.03 3.39 0.03 -0.03 0.07 0.1 0.32 -0.22 -0.36 0
"Lynx" 90 0 -48.4 29.1 -7.35 8.68 0.06 0.95 5.31 1.34 -2.61 2.73 162.35 12.74 -0.73 1.43 0
"MEI" 826 0 -0.94 1.19 -0.18 0.18 0 -0.01 1.73 0.01 -0.02 0.02 0.09 0.29 0.05 0.86 0
"nyse" 1999 0 -0.13 0.2 -0.01 0.01 0 0 0 0 0 0 0 0.01 1.09 38.3 0
"oil" 45 0 -166.16 85.74 -15.26 32.64 7.93 8.51 356.76 7.33 -6.84 22.7 2417.89 49.17 -0.96 1.92 0.24
"part" 507 0 -57.56 61.29 -8.62 8.29 -0.02 -0.14 -10.11 0.63 -1.27 1.23 204.11 14.29 0 1.05 0
"PLT" 90 0 -5.38 5.38 -0.21 0.23 -0.05 0 -4.47 0.35 -0.74 0.64 10.82 3.29 0 -0.49 0
"polio" 167 0 -13 8 -1 1 0.04 0 6 0.17 -0.3 0.37 4.83 2.2 -1.17 7.93 0
"prodn" 371 0 -10.6 6.9 -0.8 1.8 0.28 0.5 104.4 0.14 0.01 0.55 7.09 2.66 -0.75 1.39 0.08
"qinfl" 109 0 -6.88 3.87 -0.98 1.33 0.05 0 5.9 0.17 -0.29 0.4 3.23 1.8 -0.39 1.01 0.2
"qintr" 109 0 -3.74 2.17 -0.05 0.44 0.07 0.12 7.64 0.07 -0.06 0.2 0.5 0.71 -1.35 7.05 0.07
"rec" 452 0 -37.2 51.51 -6.8 5.15 -0.11 -0.24 -50.76 0.51 -1.12 0.89 118.21 10.87 0.47 1.88 0
"sales" 149 0 -2.7 4.8 -0.5 1.3 0.42 0.4 62.6 0.12 0.19 0.65 2.09 1.44 0.44 0.32 0
"salmon" 165 0 -1.15 1.15 -0.2 0.28 0.03 0.08 5.22 0.03 -0.03 0.09 0.17 0.41 -0.34 0.45 0
"salt" 63 0 -3 4.5 0 0 -0.07 0 -4.5 0.21 -0.5 0.36 2.89 1.7 0.47 1.24 0.99
"saltemp" 63 0 -1.05 1.59 -0.47 0.5 0.02 0.08 1.1 0.08 -0.14 0.18 0.39 0.63 0.13 -0.89 0
"so2" 507 0 -4.21 4.23 -0.65 0.7 0 -0.02 -1.79 0.05 -0.11 0.1 1.38 1.18 0.01 0.93 0
"soi" 452 0 -0.96 0.89 -0.23 0.22 0 0 -0.31 0.02 -0.03 0.03 0.12 0.34 0 -0.09 0
"sp500.gr" 2727 0 -0.11 0.14 -0.01 0.01 0 0 0.02 0 0 0 0 0.02 0.49 7.65 0
"speech" 1019 0 -817 1342 -126 113 0.06 -8 65 7.5 -14.65 14.77 57266.35 239.3 0.53 2.67 0
"star" 599 0 -5 4 -2 1 -0.03 0 -20 0.09 -0.2 0.14 4.45 2.11 0.02 -0.77 0
"sunspotz" 458 0 -31 56 -8 6 0.05 -2 21 0.6 -1.13 1.22 163.61 12.79 0.96 1.74 0
"tempr" 507 0 -30.69 23.26 -4.93 5.1 0 -0.09 -1.86 0.36 -0.71 0.7 64.78 8.05 0.01 0.5 0
"unemp" 371 0 -98.8 207.4 -26.35 20.9 0.91 -11.8 337.4 2.24 -3.49 5.31 1855.28 43.07 1.19 1.8 0.56
"UnempRate" 826 0 -1.2 2.3 -0.3 0.2 0 -0.1 0.4 0.02 -0.03 0.03 0.22 0.47 1.03 1.42 0.02
"USpop" 11 0 8.47 31.79 16.73 25.61 21.16 23.13 232.75 2.1 16.49 25.83 48.36 6.95 -0.21 -1.16 0.1
"varve" 633 0 -91.61 85.52 -8.55 8.82 -0.02 0.07 -13.39 0.73 -1.45 1.41 335.86 18.33 -0.24 4.25 0
"WBC" 90 0 -4.05 4.05 -0.11 0.19 -0.03 0 -2.33 0.24 -0.51 0.46 5.32 2.31 -0.02 -0.45 0
"xglobtemp" 135 0 -0.26 0.29 -0.06 0.09 0.01 0.01 1.07 0.01 -0.01 0.03 0.01 0.11 -0.24 -0.33 0.01
"xglobtempl" 135 0 -0.36 0.38 -0.08 0.11 0.01 0.03 1.51 0.01 -0.01 0.04 0.02 0.14 -0.28 -0.26 0
"xgtemp" 129 0 -0.29 0.28 -0.07 0.08 0.01 0.02 0.85 0.01 -0.01 0.03 0.01 0.11 -0.33 -0.18 0
"xgtemp2" 129 0 -0.36 0.38 -0.08 0.1 0.01 0.02 0.96 0.01 -0.02 0.03 0.02 0.15 -0.19 -0.26 0
"airmiles" 23 0 -128 3926 209.5 2387.5 1308.78 1184 30102 253.7 782.65 1834.92 1480331.45 1216.69 0.47 -1.19 0.17
"AirPassengers" 143 0 -101 87 -16 22.5 2.24 4 320 2.82 -3.34 7.82 1139.35 33.75 -0.33 0.59 0
"austres" 88 0 21.5 83.4 44.4 60.9 52.21 51.3 4594.2 1.35 49.52 54.9 161.17 12.7 -0.01 -0.35 0
"BJsales" 149 0 -2.7 4.8 -0.5 1.3 0.42 0.4 62.6 0.12 0.19 0.65 2.09 1.44 0.44 0.32 0
"BJsales.lead" 149 0 -0.76 0.79 -0.19 0.25 0.02 0.03 3.39 0.03 -0.03 0.07 0.1 0.32 -0.22 -0.36 0
"co2" 467 0 -2.52 1.98 -0.98 1.09 0.1 0.57 48.92 0.06 0 0.21 1.46 1.21 -0.59 -1.04 0
"discoveries" 99 0 -9 7 -1.5 2 -0.05 0 -5 0.27 -0.59 0.49 7.31 2.7 -0.42 0.63 0
"fdeaths" 71 0 -364 374 -73.5 66.5 -4.61 -9 -327 15.03 -34.59 25.38 16043.64 126.66 0.2 0.67 0.06
"freeny.y" 38 0 -0.01 0.09 0.02 0.04 0.03 0.03 1 0 0.02 0.03 0 0.02 0.54 1.34 0.02
"JohnsonJohnson" 83 0 -4.86 6.21 -0.23 0.42 0.13 0.14 10.9 0.16 -0.18 0.44 2.03 1.42 0.54 6.79 0
"LakeHuron" 97 0 -2.1 1.97 -0.56 0.48 0 -0.01 -0.42 0.08 -0.16 0.15 0.56 0.75 0.33 0.04 0.19
"ldeaths" 71 0 -1168 1104 -191.5 215.5 -15.77 -43 -1120 49.02 -113.54 81.99 170588.09 413.02 0.11 0.51 0.02
"lh" 47 0 -0.7 1.4 -0.35 0.1 0.01 -0.1 0.5 0.07 -0.14 0.16 0.26 0.51 1.14 0.65 0.77
"lynx" 113 0 -3567 3526 -457 590 27.67 121 3127 112.16 -194.56 249.9 1421538.04 1192.28 -0.28 1.29 0
"mdeaths" 71 0 -804 730 -141.5 175.5 -11.17 -30 -793 34.84 -80.65 58.32 86177.89 293.56 0.04 0.38 0.02
"nhtemp" 59 0 -2.9 3 -1 1.1 0.05 0.1 3.1 0.19 -0.33 0.43 2.14 1.46 0.03 -0.73 0
"Nile" 99 0 -381 418 -119 94 -3.84 -4 -380 16.9 -37.37 29.69 28268.34 168.13 0.22 -0.25 0
"nottem" 239 0 -14.5 13.6 -4.25 4.25 -0.01 0.2 -2.8 0.34 -0.68 0.66 27.55 5.25 -0.18 -0.55 0
"presidents" 119 1 -24 27 -7 5.75 -0.53 0 -63 0.87 -2.25 1.18 88.69 9.42 0.27 -0.02 0.04
"sunspot.month" 3176 0 -75.1 94.9 -8.3 8.4 -0.01 0 -21 0.31 -0.61 0.6 299.11 17.29 0.14 2.93 0
"sunspot.year" 288 0 -58.4 103.7 -15.15 12.1 0.33 -2.95 95.2 1.4 -2.43 3.09 565.24 23.77 0.92 1.45 0
"sunspots" 2819 0 -74.3 94.9 -8.3 8.5 -0.01 0 -24.6 0.32 -0.64 0.63 295.66 17.19 0.18 3.08 0
"treering" 7979 0 -1.5 1.71 -0.22 0.22 0 0.01 -0.18 0 -0.01 0.01 0.14 0.37 0.04 0.83 0
"UKDriverDeaths" 191 0 -726 499 -121.5 141 0.4 21 76 16.02 -31.19 31.99 48988.65 221.33 -0.67 0.49 0.29
"UKgas" 107 0 -552.3 505.8 -105.7 116.8 5.82 -28.8 622.7 22.46 -38.7 50.34 53959.9 232.29 0 0.01 0.82
"USAccDeaths" 71 0 -1335 1517 -635.5 572 3.28 169 233 87.27 -170.77 177.34 540735.12 735.35 -0.07 -1.17 0.84
"uspop" 120 0 -60000 3533283 1565500 2682513.5 2127960.67 2165616 255355281 64538.89 2000167.23 2255754.12 499832159908.89 706988.09 -0.28 -0.39 0
"WWWusage" 99 0 -14 14 -2 5 1.33 1 132 0.57 0.2 2.46 32.18 5.67 -0.11 -0.12 0
"ausgdp" 106 0 -94 123 8.75 56 28.36 33 3006 3.78 20.87 35.85 1512.65 38.89 -0.6 0.33 0
"bonds" 124 0 -0.54 0.61 -0.21 0.2 -0.01 -0.04 -1.13 0.02 -0.05 0.04 0.06 0.25 0.35 -0.53 0
"cangas" 541 0 -2.58 2.03 -0.4 0.47 0.03 0.04 15.51 0.03 -0.03 0.09 0.5 0.71 -0.28 0.63 0
"enplanements" 281 0 -24.73 8.41 -1.18 1.99 0.1 0.19 29.17 0.19 -0.26 0.47 9.8 3.13 -1.99 13.14 0
"fmsales" 61 0 -16.51 9.56 -1.06 1.76 0.18 0.29 11.07 0.48 -0.77 1.14 13.93 3.73 -1.21 5.3 0.04
"frexport" 23 0 -193 129 -34 75 13 41 299 19.87 -28.21 54.21 9083.82 95.31 -0.94 -0.6 0.1
"mcopper" 563 0 -408.3 695.1 -26.2 35.6 5.65 2 3180.6 3.4 -1.02 12.32 6489.37 80.56 1.73 20.03 0
"partx" 50 0 -3 5 -1 0 0 0 0 0.22 -0.43 0.43 2.33 1.53 0.81 1.68 0
"ukcars" 112 0 -145.55 93.35 -37.91 38.51 0.91 8.39 102.42 4.73 -8.45 10.28 2502.82 50.03 -0.44 -0.3 0.01
"usgdp" 236 0 -105.4 190.4 13.1 68.75 41.67 38.5 9833.1 2.99 35.78 47.55 2104.9 45.88 0.14 0.67 0
"usnetelec" 54 0 -65.5 259.9 38.23 90.42 65.78 66.05 3551.9 6.92 51.9 79.65 2583.55 50.83 0.52 2.87 0.37
"utility" 3023 0 -3285 2139 -307 177 -1.25 -81 -3767 10.16 -21.17 18.68 312287.96 558.83 1.31 3.11 0
"vehicles" 1688 0 -1691 2993 -327 199 2.63 -89.5 4438 16.65 -30.04 35.29 468203.75 684.25 1.79 5.61 0
"visitors" 239 0 -146.4 147 -21.85 33.05 1.4 3.1 333.8 3.23 -4.96 7.76 2492.33 49.92 -0.4 0.59 0
"airpass" 143 0 -101 87 -16 22.5 2.24 4 320 2.82 -3.34 7.82 1139.35 33.75 -0.33 0.59 0
"beer" 55 0 -49 52 -12 12 -0.2 2 -11 2.86 -5.93 5.53 449.13 21.19 -0.17 -0.08 0.2
"bicoal" 48 0 -162 143 -38.25 36.25 -0.5 7 -24 8.84 -18.28 17.28 3751.11 61.25 -0.47 0.28 0.64
"bricksq" 154 0 -109 106 -26 32 1.98 0.5 305 3.3 -4.53 8.49 1674.05 40.92 -0.03 -0.1 0.33
"canadian" 6 0 -0.1 1.3 0 0.3 0.3 0.15 1.8 0.21 -0.24 0.84 0.27 0.52 1.06 -0.58 0.83
"condmilk" 119 0 -66.5 52.72 -13.07 17.12 -0.25 -2.8 -29.49 1.8 -3.81 3.31 384.64 19.61 -0.12 0.06 0
"copper" 197 0 -2.63 3.28 -0.41 0.36 -0.03 -0.04 -6.69 0.06 -0.15 0.08 0.69 0.83 0.28 2.31 0.75
"copper1" 27 0 -0.61 0.46 -0.17 -0.01 -0.09 -0.04 -2.48 0.05 -0.19 0 0.06 0.24 -0.13 0.44 0
"copper2" 13 0 -1.59 0.96 -0.07 0.5 0.03 0.1 0.34 0.17 -0.35 0.41 0.4 0.63 -1.02 0.9 0.75
"copper3" 42 0 -1.59 0.96 -0.07 0.34 0.09 0.11 3.95 0.07 -0.05 0.24 0.22 0.47 -0.98 2.38 0.95
"cowtemp" 74 0 -25 42 -6 6 -0.09 0 -7 1.22 -2.52 2.33 109.57 10.47 0.72 2.17 0
"cpimel" 61 0 -0.5 3.1 0.8 1.6 1.16 1.2 71 0.09 0.98 1.35 0.54 0.74 -0.09 -0.08 0.03
"dj" 291 0 -97 71 -13 15 0.7 1 204 1.32 -1.9 3.3 507.85 22.54 -0.44 1.58 0.41
"dole" 438 0 -40406 69146 -3115.25 4315.75 1944.66 -422.5 851763 646.47 674.09 3215.24 183049743.9 13529.59 1.47 4.89 0
"dowjones" 77 0 -0.77 1.53 -0.13 0.41 0.13 0.13 10.29 0.05 0.04 0.23 0.18 0.43 0.51 0.84 0
"eggs" 93 0 -85.36 65.98 -15.74 12.07 -2.31 -4.19 -214.52 2.8 -7.87 3.26 729.99 27.02 0.05 0.64 0.16
"eknives" 15 0 -65 63 -14 19 0.67 3 10 9.82 -20.4 21.74 1447.81 38.05 -0.11 -0.86 0.4
"elco" 6 0 1 18 3.25 11.5 7.67 5.5 46 2.68 0.78 14.55 43.07 6.56 0.48 -1.67 0.23
"elec" 475 0 -1469 1383 -208.5 251.5 27.8 -24 13203 21.11 -13.68 69.27 211612.02 460.01 0.15 0.85 0
"fancy" 83 0 -70478.47 58026.29 -102.66 3409.61 1240.91 1094.85 102995.86 1553.9 -1850.28 4332.11 200411336.53 14156.67 -0.85 10.47 0.03
"french" 27 0 -5 4 -3 1 -0.59 0 -16 0.49 -1.59 0.41 6.4 2.53 0.04 -1.21 0.59
"hsales" 274 0 -17 30 -4.75 4 -0.04 -1 -11 0.39 -0.8 0.72 41.2 6.42 0.58 1.04 0.01
"hsales2" 106 0 -14 16 -4 3 -0.08 0 -9 0.6 -1.27 1.1 37.87 6.15 0.35 -0.06 0.36
"huron" 97 0 -2.1 1.97 -0.56 0.48 0 -0.01 -0.42 0.08 -0.16 0.15 0.56 0.75 0.33 0.04 0.19
"ibmclose" 368 0 -38 27 -4 4 -0.28 0 -103 0.38 -1.02 0.46 52.68 7.26 -0.59 3.22 0.1
"input" 29 0 -60 70 -20 30 1.72 0 50 6.3 -11.18 14.63 1150.49 33.92 -0.04 -1.07 0.01
"internet" 99 0 -14 14 -2 5 1.33 1 132 0.57 0.2 2.46 32.18 5.67 -0.11 -0.12 0
"invent15" 23 0 -32 37 -4 18.5 5.35 9 123 3.82 -2.58 13.27 335.87 18.33 -0.19 -0.86 0.08
"jcars" 42 0 -531 1407 9.5 512.25 309.88 309.5 13015 58.69 191.35 428.41 144683.28 380.37 0.42 0.35 0.08
"labour" 210 0 -407.41 283.34 -45.2 89.17 11.77 2.85 2471.1 7.35 -2.72 26.26 11343.4 106.51 -0.35 1.12 0
"milk" 167 0 -63 111 -38.5 33 1.52 -10 254 3.52 -5.42 8.46 2064.13 45.43 0.65 -0.67 0.77
"mink" 63 0 -46635 58534 -6657 9184.5 -65.32 1835 -4115 2058.86 -4180.93 4050.29 267052095.06 16341.73 -0.16 2.32 0.74
"motion" 191 0 -9.9 13.7 -4.15 3.2 -0.08 -0.2 -15.3 0.36 -0.8 0.64 25.34 5.03 0.2 -0.71 0
"nail" 196 0 -42.94 52.43 -4.21 2.13 -0.65 -0.76 -126.69 0.8 -2.23 0.93 125.96 11.22 0.63 5.36 0.86
"oilprice" 127 0 -24.41 21.61 -1.77 1.17 -0.23 -0.24 -28.8 0.48 -1.18 0.73 29.42 5.42 0.01 7.34 0.01
"paris" 16 0 -6.2 3.9 -0.8 2.05 0.28 0.6 4.4 0.68 -1.18 1.73 7.46 2.73 -0.83 0.04 0.05
"pigs" 187 0 -38074 62555 -7563 8084.5 129.03 836 24128 915.13 -1676.34 1934.39 156605283.1 12514.2 0.25 2.93 0
"plastics" 59 0 -301 183 -78.5 108 4.59 2 271 16.45 -28.34 37.53 15971.76 126.38 -0.51 -0.67 0
"pollution" 129 0 -2057.72 2889.05 -154.18 274.19 17.28 28.03 2228.54 59.18 -99.82 134.37 451738.03 672.11 0.17 3.43 0
"productC" 35 0 -11 11 -1 0.5 0 0 0 0.6 -1.22 1.22 12.65 3.56 0.11 3.38 0
"qelec" 15 0 -12 21 -4.5 13.5 4.73 5 71 3.1 -1.92 11.39 144.5 12.02 -0.18 -1.42 0.97
"qsales" 23 0 -193 129 -34 75 13 41 299 19.87 -28.21 54.21 9083.82 95.31 -0.94 -0.6 0.1
"schizo" 119 0 -42 44 -6 6.5 -0.17 -1 -20 1.13 -2.41 2.07 152.43 12.35 -0.18 1.8 0
"shampoo" 35 0 -206.7 274.4 -62.4 77.7 10.88 8.4 380.9 18.47 -26.65 48.42 11938.04 109.26 0.07 -0.4 0
"sheep" 72 0 -177 164 -66 49.75 -5.64 -0.5 -406 9.86 -25.3 14.02 7000.94 83.67 -0.12 -0.63 0
"ship" 10 0 -135 112.5 -38.12 59.38 3.5 -8.75 35 24.23 -51.31 58.31 5869.72 76.61 -0.18 -1.23 0.35
"shipex" 14 0 9 54 15.5 30 24.93 21.5 349 3.78 16.76 33.1 200.38 14.16 0.73 -0.84 0.03
"strikes" 29 0 -1623 852 -252 380 -29.38 21 -852 113.21 -261.29 202.53 371703.74 609.68 -0.87 0.1 0.07
"telephone" 81 0 -62.48 15.4 -2.23 -0.02 -3.93 -0.32 -318.39 1.29 -6.5 -1.36 134.9 11.61 -2.78 9.07 0
"ukdeaths" 119 0 -726 367 -118.5 146.5 1.56 30 186 20.13 -38.3 41.42 48214.23 219.58 -0.9 0.79 0.21
"usdeaths" 71 0 -1335 1517 -635.5 572 3.28 149 233 87.33 -170.9 177.46 541522.06 735.88 -0.06 -1.17 0.85
"uselec" 141 0 -59.14 39.74 -12.98 15.57 0.09 1.22 12.94 1.66 -3.19 3.37 388.6 19.71 -0.41 -0.4 0.19
"ustreas" 99 0 -0.6 0.87 -0.26 0.1 -0.06 -0.06 -6.25 0.03 -0.12 0 0.09 0.29 0.5 0.33 0.62
"wagesuk" 734 0 -2.61 5.37 -0.29 0.37 0.06 0.06 45.58 0.03 0.01 0.11 0.48 0.69 1.19 8.22 0
"wheat" 732 0 -417.87 281.57 -50.39 52.57 -0.35 -2.03 -257.13 3.58 -7.37 6.67 9355.61 96.72 -0.34 1.58 0
"wn" 29 0 -3.04 2.89 -0.99 1.05 -0.02 -0.27 -0.6 0.28 -0.6 0.56 2.29 1.51 -0.01 -0.89 0.11
"wnoise" 35 0 -67 63 -36.5 36 0.6 1 21 6.61 -12.84 14.04 1530.78 39.13 -0.03 -1.35 0
"writing" 119 0 -532.5 503.94 -74.45 73.55 3.62 11.66 431.06 16.79 -29.62 36.86 33527.27 183.1 0.07 1.63 0
"gold" 1107 0 -106.65 90.95 -1.85 1.95 0.07 0.1 76.05 0.18 -0.28 0.42 35.76 5.98 -1.75 139.54 0
"taylor" 4031 0 -2435 3646 -443 276.5 0.22 -99 870 14.84 -28.87 29.31 887498.23 942.07 0.92 1.85 0
"wineind" 175 0 -23969 9719 -1740 4342.5 46.97 1882 8220 513.32 -966.16 1060.1 46111486.26 6790.54 -1.64 2.51 0
"woolyrnq" 118 0 -1635 1684 -518 517 1.9 10 224 62.66 -122.2 125.99 463294.78 680.66 0.02 -0.62 0.35
"a10" 203 0 -11.27 4.84 -0.19 0.96 0.08 0.34 15.91 0.16 -0.23 0.39 5.03 2.24 -2.17 7.74 0
"ausair" 39 0 -3.7 5.54 0.3 1.94 1.1 1 42.71 0.25 0.58 1.61 2.5 1.58 0 1.73 0.74
"ausbeer" 210 0 -135 170 -51 45 0.6 -12 126 4.7 -8.67 9.87 4639.84 68.12 0.42 -0.75 0
"austa" 30 0 -0.15 0.43 0.01 0.32 0.15 0.13 4.61 0.03 0.09 0.22 0.03 0.18 0.01 -1.36 0.33
"austourists" 47 0 -24.57 14.12 -5.31 6.82 0.38 4.94 17.86 1.51 -2.66 3.42 106.87 10.34 -1 -0.42 0
"cafe" 114 0 -617.3 776.1 -76.28 191.52 65.03 81.2 7413.3 22.41 20.63 109.42 57244.34 239.26 -0.07 1.01 0.01
"debitcards" 155 0 -8468 6664 -487.5 1139.5 125.62 188 19471 202.12 -273.67 524.91 6332244.65 2516.4 -0.53 1.9 0
"elecequip" 190 0 -28.06 31.35 -11.37 9.84 0.07 -0.39 12.55 0.94 -1.78 1.92 167.21 12.93 0.25 -0.65 0
"elecsales" 19 0 -281.8 254.4 11.68 153.34 68.46 96.88 1300.66 29.57 6.33 130.58 16614.85 128.9 -0.83 0.58 0.06
"euretail" 63 0 -1.47 1.1 -0.1 0.5 0.11 0.19 6.84 0.07 -0.03 0.25 0.3 0.55 -0.75 0.47 0.02
"guinearice" 39 0 -0.11 0.13 0.02 0.04 0.03 0.03 1.19 0.01 0.02 0.04 0 0.03 -1.12 6.94 0.84
"h02" 203 0 -0.64 0.26 -0.01 0.08 0 0.03 0.33 0.01 -0.02 0.02 0.02 0.16 -2.18 5.08 0.14
"livestock" 46 0 -17.25 69.19 -0.4 8.74 4.86 5.97 223.45 1.81 1.21 8.5 150.48 12.27 2.85 13.99 0.9
"sunspotarea" 136 0 -1339.3 1842.34 -225.64 225.7 3.94 -56.5 536.43 41.68 -78.48 86.37 236216.7 486.02 0.48 1.63 0
"usmelec" 453 0 -75.71 53.88 -14.93 16.71 0.32 2.63 146.84 1.09 -1.82 2.46 536.96 23.17 -0.41 0 0.01
"wmurders" 54 0 -0.51 0.57 -0.1 0.13 0 0 0.16 0.03 -0.06 0.06 0.05 0.22 0.05 0.27 0.53
"auscafe" 425 0 -0.43 0.37 -0.05 0.05 0.01 0.01 3.39 0.01 0 0.02 0.01 0.12 -0.18 2.33 0
"calls" 27715 0 -112 155 -12 12 0 0 -57 0.12 -0.24 0.23 392.31 19.81 0.14 1.41 0
"gasoline" 1354 0 -1.28 1.25 -0.19 0.18 0 0.01 1.42 0.01 -0.02 0.02 0.11 0.33 -0.07 0.96 0
"goog" 999 0 -40.37 93.08 -3.65 4.56 0.42 0.08 420.84 0.28 -0.12 0.96 76.19 8.73 1.54 17.26 0.22
"goog200" 199 0 -8.72 60.91 -2.49 3.17 0.7 -0.17 138.65 0.44 -0.17 1.56 38.25 6.18 4.78 43.08 0.39
"hyndsight" 364 0 -1058 1742 -229.75 277.5 2.39 -43.5 871 19.1 -35.17 39.96 132823.94 364.45 0.41 1.11 0.06
"marathon" 119 0 -24.73 27.88 -3.16 2.14 -0.36 -0.08 -42.43 0.59 -1.53 0.82 42.08 6.49 0.03 4.3 0
"maxtemp" 45 0 -8.1 7.7 -2.1 1.8 0.18 0.2 8.3 0.48 -0.78 1.15 10.29 3.21 0.11 0.13 0
"mens400" 30 0 -4.8 0.86 -0.4 0.28 -0.37 -0.1 -11.17 0.21 -0.8 0.06 1.33 1.16 -1.95 4.72 0.15
"qauselec" 217 0 -5.02 7.41 -0.68 1.77 0.25 0.43 54.12 0.13 0 0.5 3.51 1.87 -0.24 0.27 0
"qcement" 232 0 -0.45 0.5 -0.08 0.11 0.01 0.02 1.76 0.01 -0.01 0.03 0.03 0.16 -0.13 0.45 0
"qgas" 217 0 -46 53 -8.19 13 1.06 0.81 230.85 1.36 -1.61 3.74 398.92 19.97 -0.17 0.06 0.78
"accdeaths" 71 0 -1335 1517 -635.5 572 3.28 169 233 87.27 -170.77 177.34 540735.12 735.35 -0.07 -1.17 0.84
"deaths" 71 0 -1168 1104 -191.5 215.5 -15.77 -43 -1120 49.02 -113.54 81.99 170588.09 413.02 0.11 0.51 0.02
"drivers" 191 0 -726 499 -121.5 141 0.4 21 76 16.02 -31.19 31.99 48988.65 221.33 -0.67 0.49 0.29
"dfw.mon" 1451 0 -23.8 25.1 -6.9 6.75 0 1.1 1.7 0.22 -0.43 0.43 70.75 8.41 -0.18 -0.75 0
"dfw.yr" 120 0 -3.77 3.76 -0.93 0.98 0.01 0.03 1.39 0.14 -0.26 0.29 2.29 1.51 -0.06 -0.2 0
"dow.annual" 105 0 -4489 5211 -19 212 275.17 35 28893 103.49 69.94 480.4 1124634.64 1060.49 1.34 10.41 0.83
"dow1985" 429 0 -3492 3137 -94 274 68.39 74 29339 26.21 16.87 119.91 294793.42 542.95 -0.61 9.95 0.9
"global2020" 140 0 -0.4 0.34 -0.1 0.13 0.01 0.01 1.17 0.01 -0.02 0.03 0.02 0.15 -0.1 -0.55 0
"llynx" 113 0 -0.92 0.75 -0.22 0.28 0.01 0.11 1.1 0.03 -0.06 0.08 0.13 0.36 -0.77 -0.18 0
"MedDays" 57 0 -21.5 10 -4 4 -0.46 1.5 -26 1.02 -2.5 1.59 59.57 7.72 -1.18 0.92 0
"NAICS" 335 0 -118440 73307 -7182.5 15131 1328.37 2582 445004 1831.15 -2273.66 4930.4 1123287328.38 33515.48 -0.98 2.13 0
"nile.min" 662 0 -381 374 -47 45 -0.09 0 -60 3.18 -6.34 6.16 6701.69 81.86 0.1 2.35 0
"NSA" 527 0 -554.42 440.7 -104.7 122.08 1.28 3.6 674.03 7.41 -13.28 15.84 28949.25 170.14 -0.29 0.24 0
"sunspot2.0" 320 0 -82.6 146.5 -24.98 18.4 0 -4.95 0.5 2.09 -4.11 4.11 1396 37.36 0.82 0.86 0
"sunspot2.0.month" 3263 0 -122.3 156.5 -13.4 13.7 -0.02 -0.1 -73.6 0.48 -0.96 0.92 753.88 27.46 0.12 2.95 0
"tesla" 333 0 -88.11 110.58 -6.78 10.85 1.77 1.49 590.95 1.12 -0.43 3.98 419.58 20.48 0.11 4.04 0.14
"tx.unemp.adj" 239 0 -0.3 1 -0.1 0 -0.01 0 -1.2 0.01 -0.02 0.01 0.01 0.12 2.8 19.72 0
"tx.unemp.unadj" 239 0 -0.7 1.2 -0.3 0.2 -0.01 -0.1 -1.6 0.02 -0.05 0.04 0.12 0.35 0.91 0.54 0.8
"us.retail" 86 0 -182134 218717 -65096.5 76963.5 10743.81 25785 923968 9107.57 -7364.47 28852.1 7133510731.26 84460.11 -0.38 -0.7 0
"wtcrude2020" 371 0 -27.85 13.55 -1.5 2.12 0.07 0.5 24.13 0.25 -0.42 0.55 22.44 4.74 -1.33 5.71 0
"yellowcab.precleaned" 23 0 -120223 22949 -7256.5 7289.5 -8703.04 -3140 -200170 6779.67 -22763.22 5357.13 1057169918.13 32514.15 -2.32 4.72 0.09
"synth1" 99 0 -0.29 0.24 -0.05 0.08 0.01 0.02 0.6 0.01 -0.01 0.03 0.01 0.1 -0.35 0.12 0.08
"synth2" 99 0 -0.2 0.29 -0.07 0.08 0.01 0.01 0.94 0.01 -0.01 0.03 0.01 0.1 0.27 -0.12 0.11
"synth3" 99 0 -0.23 0.21 -0.07 0.06 0 0 -0.15 0.01 -0.02 0.02 0.01 0.09 0.1 -0.41 0
"synth4" 99 0 -0.24 0.2 -0.05 0.06 0 0 0.01 0.01 -0.02 0.02 0.01 0.09 -0.26 -0.05 0.64
"synth5" 99 0 -0.32 0.19 -0.05 0.06 0 0.01 -0.14 0.01 -0.02 0.02 0.01 0.1 -0.78 1.04 0.02
"synth6" 99 0 -0.36 0.21 -0.06 0.07 -0.01 -0.02 -0.6 0.01 -0.03 0.01 0.01 0.1 -0.3 0.15 0.18
"synth7" 99 0 -0.21 0.25 -0.06 0.05 0 -0.02 -0.41 0.01 -0.02 0.02 0.01 0.1 0.24 -0.33 0.81
"synth8" 99 0 -0.26 0.23 -0.07 0.05 0 -0.01 0.02 0.01 -0.02 0.02 0.01 0.1 0.02 -0.27 0.92
"synth9" 99 0 -0.22 0.33 -0.07 0.06 0 -0.01 0.04 0.01 -0.02 0.02 0.01 0.1 0.44 0.13 0.82
"synth10" 99 0 -0.26 0.25 -0.06 0.08 0.01 0.02 1.09 0.01 -0.01 0.03 0.01 0.09 -0.14 -0.27 0.18
"synth11" 99 0 -0.21 0.21 -0.06 0.07 0 0 0.36 0.01 -0.02 0.02 0.01 0.1 -0.12 -0.54 0.16
"synth12" 99 0 -0.26 0.28 -0.08 0.06 -0.01 0 -0.59 0.01 -0.03 0.01 0.01 0.1 0.06 -0.09 1
"synth13" 99 0 -0.22 0.29 -0.07 0.05 -0.01 -0.02 -0.54 0.01 -0.02 0.01 0.01 0.09 0.44 0.31 0.33
"synth14" 99 0 -0.26 0.27 -0.06 0.06 0 0 -0.26 0.01 -0.02 0.02 0.01 0.1 0.03 -0.06 0.66
"synth15" 99 0 -0.25 0.29 -0.06 0.07 0 -0.01 0.49 0.01 -0.02 0.03 0.01 0.1 0.36 0.06 0.36
"synth16" 99 0 -0.22 0.19 -0.06 0.08 0 0.02 0.29 0.01 -0.01 0.02 0.01 0.09 -0.55 -0.3 0.92
"synth17" 99 0 -0.27 0.32 -0.07 0.05 0 0 -0.26 0.01 -0.02 0.02 0.01 0.11 0.16 0.19 0.19
"synth18" 99 0 -0.28 0.21 -0.06 0.08 0 0 0.36 0.01 -0.02 0.02 0.01 0.1 -0.23 -0.4 0.74
"synth19" 99 0 -0.22 0.27 -0.06 0.07 0 -0.01 0.24 0.01 -0.02 0.02 0.01 0.1 0.11 -0.13 0.26
"synth20" 99 0 -0.29 0.28 -0.07 0.06 -0.01 0 -0.88 0.01 -0.03 0.01 0.01 0.09 -0.16 0.51 0.27
"synth21" 99 0 -0.26 0.22 -0.08 0.06 0 0.01 -0.23 0.01 -0.02 0.02 0.01 0.1 -0.09 -0.42 0.32
"synth22" 99 0 -0.25 0.28 -0.06 0.09 0.01 0.01 1.15 0.01 -0.01 0.03 0.01 0.11 -0.18 -0.31 0.09
"synth23" 99 0 -0.3 0.22 -0.06 0.06 0 0 -0.47 0.01 -0.03 0.02 0.01 0.1 -0.4 0.1 0.04
"synth24" 99 0 -0.26 0.17 -0.07 0.07 -0.01 0 -0.96 0.01 -0.03 0.01 0.01 0.1 -0.37 -0.46 0.32
"synth25" 99 0 -0.25 0.23 -0.08 0.09 0.01 0.01 1.01 0.01 -0.01 0.03 0.01 0.11 -0.11 -0.57 0.43
"synth26" 99 0 -0.25 0.2 -0.08 0.05 -0.01 0 -1.17 0.01 -0.03 0.01 0.01 0.1 -0.11 -0.49 0.36
"synth27" 99 0 -0.35 0.21 -0.08 0.05 -0.01 -0.01 -0.6 0.01 -0.03 0.01 0.01 0.1 -0.04 0.21 0.62
"synth28" 99 0 -0.28 0.25 -0.06 0.05 -0.01 -0.01 -0.67 0.01 -0.03 0.01 0.01 0.1 0.01 0.58 0.46
"synth29" 99 0 -0.21 0.18 -0.07 0.07 0 0.01 -0.17 0.01 -0.02 0.02 0.01 0.09 -0.26 -0.79 0.69
"synth30" 99 0 -0.24 0.25 -0.06 0.07 0 -0.01 0 0.01 -0.02 0.02 0.01 0.11 0.21 -0.55 0.87
"synth31" 99 0 -0.23 0.32 -0.06 0.08 0.01 0.01 0.96 0.01 -0.01 0.03 0.01 0.11 0.2 -0.25 0.45
"synth32" 99 0 -0.35 0.25 -0.07 0.06 0 0 -0.25 0.01 -0.02 0.02 0.01 0.11 -0.28 0.28 0.61
"synth33" 99 0 -0.24 0.29 -0.08 0.08 0 -0.01 0.02 0.01 -0.02 0.02 0.01 0.11 0.29 -0.21 0.29
"synth34" 99 0 -0.23 0.19 -0.07 0.06 -0.01 -0.01 -0.69 0.01 -0.03 0.01 0.01 0.09 -0.01 -0.42 0.42
"synth35" 99 0 -0.2 0.22 -0.07 0.07 0 0.01 0.3 0.01 -0.02 0.02 0.01 0.1 0.03 -0.6 0.12
"synth36" 99 0 -0.26 0.19 -0.07 0.04 -0.01 0 -0.71 0.01 -0.02 0.01 0.01 0.09 -0.35 0.27 0.63
"synth37" 99 0 -0.3 0.22 -0.05 0.08 0.01 0.02 0.83 0.01 -0.01 0.03 0.01 0.1 -0.49 0.69 0.55
"synth38" 99 0 -0.19 0.24 -0.07 0.07 0 -0.02 0.35 0.01 -0.02 0.02 0.01 0.09 0.36 -0.6 0.32
"synth39" 99 0 -0.24 0.24 -0.05 0.07 0.01 0 0.77 0.01 -0.01 0.03 0.01 0.1 -0.01 -0.48 0.14
"synth40" 99 0 -0.22 0.23 -0.08 0.08 0 0 0 0.01 -0.02 0.02 0.01 0.1 -0.03 -0.87 0.7
